{
  "advancedEditorSelectedIdentifier" : "AudioMixerPluginID",
  "openSceneRelativePaths" : [
    "Earth.usda",
    "Vessel.usda"
  ],
  "recentIdentifiers" : {

  },
  "sceneCameraHistory" : {
    "2E819873-65D8-4396-AD25-B9505299C356" : [
      {
        "date" : 737312076.864998,
        "title" : "Untitled",
        "transform" : [
          0.99999994,
          0,
          -0,
          0,
          -0,
          0.87715167,
          -0.48021352,
          0,
          0,
          0.48021352,
          0.87715167,
          0,
          -0.0012459774,
          4.75854,
          -2.5785336,
          1
        ]
      },
      {
        "date" : 737311622.680499,
        "title" : "Untitled",
        "transform" : [
          0.99999994,
          0,
          -0,
          0,
          -0,
          0.87715167,
          -0.48021352,
          0,
          0,
          0.48021352,
          0.87715167,
          0,
          -0.00054896064,
          2.9954622,
          1.502417,
          1
        ]
      },
      {
        "date" : 737311618.894988,
        "title" : "Untitled",
        "transform" : [
          0.99999994,
          0,
          0,
          0,
          0,
          0.87715167,
          -0.48021352,
          0,
          0,
          0.48021352,
          0.87715167,
          0,
          -0.010803461,
          2.8425083,
          1.5861545,
          1
        ]
      },
      {
        "date" : 737311603.619658,
        "title" : "Untitled",
        "transform" : [
          0.99999994,
          0,
          -0,
          0,
          -0,
          0.87715167,
          -0.48021352,
          0,
          0,
          0.48021352,
          0.87715167,
          0,
          -0.0005489587,
          2.995462,
          1.5024168,
          1
        ]
      },
      {
        "date" : 737310876.619338,
        "title" : "Untitled",
        "transform" : [
          0.99999994,
          0,
          -0,
          0,
          -0,
          0.87715167,
          -0.48021352,
          0,
          0,
          0.48021352,
          0.87715167,
          0,
          -0.0005490183,
          2.695462,
          2.202417,
          1
        ]
      },
      {
        "date" : 737310697.255049,
        "title" : "Untitled",
        "transform" : [
          0.99999994,
          0,
          -0,
          0,
          -0,
          0.87715167,
          -0.48021352,
          0,
          0,
          0.48021352,
          0.87715167,
          0,
          -0.00027447936,
          1.847731,
          -0.24879158,
          1
        ]
      },
      {
        "date" : 737310507.254608,
        "title" : "Untitled",
        "transform" : [
          0.99999994,
          0,
          -0,
          0,
          -0,
          0.87715167,
          -0.48021352,
          0,
          0,
          0.48021352,
          0.87715167,
          0,
          -0.00027441976,
          1.847731,
          -1.2487916,
          1
        ]
      },
      {
        "date" : 737310467.973891,
        "title" : "Untitled",
        "transform" : [
          0.99999994,
          0,
          -0,
          0,
          -0,
          0.87715167,
          -0.48021352,
          0,
          0,
          0.48021352,
          0.87715167,
          0,
          -0.0001646876,
          0.5086379,
          -1.949276,
          1
        ]
      },
      {
        "date" : 737310436.145937,
        "title" : "Untitled",
        "transform" : [
          0.99999994,
          0,
          -0,
          0,
          -0,
          0.87715167,
          -0.48021352,
          0,
          0,
          0.48021352,
          0.87715167,
          0,
          -0.0001646876,
          3.1933503,
          3.8778944,
          1
        ]
      }
    ],
    "392FEE31-C76B-4D4A-B7B2-0FC3236881F8" : [
      {
        "date" : 737311830.962334,
        "title" : "Untitled",
        "transform" : [
          0.99999994,
          0,
          -0,
          0,
          -0,
          0.8656963,
          -0.50056946,
          0,
          0,
          0.50056946,
          0.8656963,
          0,
          0.4103197,
          2.030337,
          -0.46459752,
          1
        ]
      },
      {
        "date" : 737311813.406153,
        "title" : "Untitled",
        "transform" : [
          0.99999994,
          0,
          -0,
          0,
          -0,
          0.8656963,
          -0.50056946,
          0,
          0,
          0.50056946,
          0.8656963,
          0,
          0.6603196,
          2.0303369,
          -0.46459755,
          1
        ]
      },
      {
        "date" : 737311741.894861,
        "title" : "Untitled",
        "transform" : [
          0.99999994,
          0,
          -0,
          0,
          -0,
          0.8656963,
          -0.50056946,
          0,
          0,
          0.50056946,
          0.8656963,
          0,
          0.5801598,
          1.8401681,
          -0.7322986,
          1
        ]
      },
      {
        "date" : 737310436.03289,
        "title" : "Untitled",
        "transform" : [
          0.99999994,
          0,
          -0,
          0,
          -0,
          0.8656963,
          -0.50056946,
          0,
          0,
          0.50056946,
          0.8656963,
          0,
          0.08015982,
          2.6751993,
          2.9387484,
          1
        ]
      }
    ]
  },
  "selectedSceneRelativePath" : "Earth.usda"
}