{
  "advancedEditorSelectedIdentifier" : "ProjectBrowser",
  "openSceneRelativePaths" : [
    "",
    "Earth.usda"
  ],
  "recentIdentifiers" : {

  },
  "sceneCameraHistory" : {
    "2E819873-65D8-4396-AD25-B9505299C356" : [
      {
        "date" : 737308393.72341,
        "title" : "Untitled",
        "transform" : [
          0.99999994,
          0,
          -0,
          0,
          -0,
          0.8660254,
          -0.49999988,
          0,
          0,
          0.49999988,
          0.8660254,
          0,
          0.00012180023,
          0.3593555,
          -2.2617471,
          1
        ]
      },
      {
        "date" : 737308385.464018,
        "title" : "Untitled",
        "transform" : [
          0.99999994,
          0,
          -0,
          0,
          -0,
          0.8660254,
          -0.49999988,
          0,
          0,
          0.49999988,
          0.8660254,
          0,
          0.00012180209,
          0.3593554,
          -2.2617471,
          1
        ]
      },
      {
        "date" : 737308364.073453,
        "title" : "Untitled",
        "transform" : [
          0.99999994,
          0,
          -0,
          0,
          -0,
          0.8660254,
          -0.49999988,
          0,
          0,
          0.49999988,
          0.8660254,
          0,
          -0.072364174,
          0.11978513,
          -1.4576073,
          1
        ]
      },
      {
        "date" : 737307998.109898,
        "title" : "Untitled",
        "transform" : [
          0.99999994,
          0,
          -0,
          0,
          -0,
          0.8660254,
          -0.49999988,
          0,
          0,
          0.49999988,
          0.8660254,
          0,
          0.00012189149,
          0.35935545,
          -1.2617466,
          1
        ]
      },
      {
        "date" : 737307957.781508,
        "title" : "Untitled",
        "transform" : [
          0.99999994,
          0,
          -0,
          0,
          -0,
          0.8660254,
          -0.49999988,
          0,
          0,
          0.49999988,
          0.8660254,
          0,
          0,
          0.20340171,
          0.35230213,
          1
        ]
      }
    ],
    "6B875BB9-6794-402E-A664-43E6962FB206" : [
      {
        "date" : 737308390.545109,
        "title" : "Untitled",
        "transform" : [
          0.99999994,
          0,
          -0,
          0,
          -0,
          0.8656971,
          -0.5005683,
          0,
          0,
          0.5005683,
          0.8656971,
          0,
          0.08015982,
          1.4711429,
          -0.76685923,
          1
        ]
      },
      {
        "date" : 737307590.777388,
        "title" : "Untitled",
        "transform" : [
          0.99999994,
          0,
          -0,
          0,
          -0,
          0.86569697,
          -0.5005683,
          0,
          0,
          0.5005683,
          0.86569697,
          0,
          0.080159836,
          1.4711428,
          -0.7668593,
          1
        ]
      },
      {
        "date" : 737307550.872584,
        "title" : "Untitled",
        "transform" : [
          1,
          0,
          -0,
          0,
          -0,
          0.86569697,
          -0.50056833,
          0,
          0,
          0.50056833,
          0.86569697,
          0,
          0.08015994,
          1.4711431,
          -0.7668586,
          1
        ]
      },
      {
        "date" : 737307474.810617,
        "title" : "Untitled",
        "transform" : [
          1,
          0,
          -0,
          0,
          -0,
          0.86569697,
          -0.5005684,
          0,
          0,
          0.5005684,
          0.86569697,
          0,
          0.08015982,
          2.6847675,
          2.9553216,
          1
        ]
      }
    ],
    "444A3267-3E23-47FE-BD65-B81879FE78DC" : [
      {
        "date" : 737307594.707766,
        "title" : "Untitled",
        "transform" : [
          0.99999994,
          0,
          -0,
          0,
          -0,
          0.8660254,
          -0.49999988,
          0,
          0,
          0.49999988,
          0.8660254,
          0,
          0,
          0.20340171,
          0.35230213,
          1
        ]
      }
    ]
  },
  "selectedSceneRelativePath" : "Earth.usda"
}