{
  "advancedEditorSelectedIdentifier" : "ProjectBrowser",
  "openSceneRelativePaths" : [
    "Scene.usda"
  ],
  "recentIdentifiers" : {
    "6B875BB9-6794-402E-A664-43E6962FB206" : [

    ]
  },
  "sceneCameraHistory" : {
    "6B875BB9-6794-402E-A664-43E6962FB206" : [
      {
        "date" : 737165285.602068,
        "title" : "Untitled",
        "transform" : [
          0.9997874,
          8.005975e-05,
          -0.020619247,
          0,
          -0.011105856,
          0.8446385,
          -0.53522193,
          0,
          0.017372958,
          0.5353371,
          0.8444598,
          0,
          -0.029999997,
          2.1187053,
          1.7792941,
          1
        ]
      },
      {
        "date" : 737165279.91929,
        "title" : "Untitled",
        "transform" : [
          1,
          -0,
          0,
          0,
          0,
          0.7071069,
          -0.70710677,
          0,
          0,
          0.70710677,
          0.7071069,
          0,
          -0.029999997,
          2.1187053,
          1.7792941,
          1
        ]
      },
      {
        "date" : 737165276.084271,
        "title" : "Untitled",
        "transform" : [
          1,
          0,
          0,
          0,
          0,
          0.7071069,
          -0.70710677,
          0,
          0,
          0.70710677,
          0.7071069,
          0,
          -0.029999997,
          2.1187053,
          1.7792941,
          1
        ]
      },
      {
        "date" : 737165271.600959,
        "title" : "Untitled",
        "transform" : [
          1,
          0,
          0,
          0,
          0,
          0.7071069,
          -0.70710677,
          0,
          0,
          0.70710677,
          0.7071069,
          0,
          0,
          1.9489994,
          1.9489996,
          1
        ]
      },
      {
        "date" : 737165267.853011,
        "title" : "Untitled",
        "transform" : [
          1,
          0,
          0,
          0,
          0,
          0.7071069,
          -0.70710677,
          0,
          0,
          0.70710677,
          0.7071069,
          0,
          0,
          1.8287902,
          1.8287904,
          1
        ]
      },
      {
        "date" : 737165260.487998,
        "title" : "Untitled",
        "transform" : [
          0.9995436,
          -1.8155055e-10,
          -0.0302087,
          0,
          -0.008103715,
          0.96334726,
          -0.26813525,
          0,
          0.029101469,
          0.26825768,
          0.9629076,
          0,
          0.07526512,
          0.69379485,
          2.4903677,
          1
        ]
      },
      {
        "date" : 737165254.999841,
        "title" : "Untitled",
        "transform" : [
          0.9994874,
          -4.678933e-10,
          -0.032012034,
          0,
          -0.007724245,
          0.9704526,
          -0.2411683,
          0,
          0.031066163,
          0.24129198,
          0.9699552,
          0,
          0.08034641,
          0.6240535,
          2.508595,
          1
        ]
      },
      {
        "date" : 737165251.220431,
        "title" : "Untitled",
        "transform" : [
          0.9998656,
          -9.273249e-12,
          -0.016394634,
          0,
          -0.004307212,
          0.96487194,
          -0.26268545,
          0,
          0.015818724,
          0.26272082,
          0.96474224,
          0,
          0.040911958,
          0.67947483,
          2.495113,
          1
        ]
      },
      {
        "date" : 737165201.55306,
        "title" : "Untitled",
        "transform" : [
          0.99989504,
          -3.8394277e-10,
          0.01449042,
          0,
          0.0036954144,
          0.96693456,
          -0.25499788,
          0,
          -0.014011286,
          0.2550246,
          0.966833,
          0,
          -0.032874696,
          0.59836435,
          2.2684805,
          1
        ]
      },
      {
        "date" : 737165191.822061,
        "title" : "Untitled",
        "transform" : [
          0.99989504,
          -3.8394277e-10,
          0.01449042,
          0,
          0.0036954144,
          0.96693456,
          -0.25499788,
          0,
          -0.014011286,
          0.2550246,
          0.966833,
          0,
          -0.036237393,
          0.6595702,
          2.5005205,
          1
        ]
      }
    ]
  }
}