{
  "advancedEditorSelectedIdentifier" : "ProjectBrowser",
  "openSceneRelativePaths" : [
    "Earth.usda",
    "Vessel.usda",
    "OrbitingVessel.usda"
  ],
  "recentIdentifiers" : {
    "6B875BB9-6794-402E-A664-43E6962FB206" : [

    ]
  },
  "sceneCameraHistory" : {
    "2E819873-65D8-4396-AD25-B9505299C356" : [
      {
        "date" : 741970670.163104,
        "title" : "Untitled",
        "transform" : [
          1,
          0,
          -0,
          0,
          -0,
          0.87157726,
          -0.49025816,
          0,
          0,
          0.49025816,
          0.87157726,
          0,
          -0.0034265516,
          30.191294,
          41.3586,
          1
        ]
      }
    ],
    "6B875BB9-6794-402E-A664-43E6962FB206" : [
      {
        "date" : 737165285.602068,
        "title" : "Untitled",
        "transform" : [
          0.9997874,
          8.005975e-05,
          -0.020619247,
          0,
          -0.011105856,
          0.8446385,
          -0.53522193,
          0,
          0.017372958,
          0.5353371,
          0.8444598,
          0,
          -0.029999997,
          2.1187053,
          1.7792941,
          1
        ]
      },
      {
        "date" : 737165279.91929,
        "title" : "Untitled",
        "transform" : [
          1,
          -0,
          0,
          0,
          0,
          0.7071069,
          -0.70710677,
          0,
          0,
          0.70710677,
          0.7071069,
          0,
          -0.029999997,
          2.1187053,
          1.7792941,
          1
        ]
      },
      {
        "date" : 737165276.084271,
        "title" : "Untitled",
        "transform" : [
          1,
          0,
          0,
          0,
          0,
          0.7071069,
          -0.70710677,
          0,
          0,
          0.70710677,
          0.7071069,
          0,
          -0.029999997,
          2.1187053,
          1.7792941,
          1
        ]
      },
      {
        "date" : 737165271.600959,
        "title" : "Untitled",
        "transform" : [
          1,
          0,
          0,
          0,
          0,
          0.7071069,
          -0.70710677,
          0,
          0,
          0.70710677,
          0.7071069,
          0,
          0,
          1.9489994,
          1.9489996,
          1
        ]
      },
      {
        "date" : 737165267.853011,
        "title" : "Untitled",
        "transform" : [
          1,
          0,
          0,
          0,
          0,
          0.7071069,
          -0.70710677,
          0,
          0,
          0.70710677,
          0.7071069,
          0,
          0,
          1.8287902,
          1.8287904,
          1
        ]
      },
      {
        "date" : 737165260.487998,
        "title" : "Untitled",
        "transform" : [
          0.9995436,
          -1.8155055e-10,
          -0.0302087,
          0,
          -0.008103715,
          0.96334726,
          -0.26813525,
          0,
          0.029101469,
          0.26825768,
          0.9629076,
          0,
          0.07526512,
          0.69379485,
          2.4903677,
          1
        ]
      },
      {
        "date" : 737165254.999841,
        "title" : "Untitled",
        "transform" : [
          0.9994874,
          -4.678933e-10,
          -0.032012034,
          0,
          -0.007724245,
          0.9704526,
          -0.2411683,
          0,
          0.031066163,
          0.24129198,
          0.9699552,
          0,
          0.08034641,
          0.6240535,
          2.508595,
          1
        ]
      },
      {
        "date" : 737165251.220431,
        "title" : "Untitled",
        "transform" : [
          0.9998656,
          -9.273249e-12,
          -0.016394634,
          0,
          -0.004307212,
          0.96487194,
          -0.26268545,
          0,
          0.015818724,
          0.26272082,
          0.96474224,
          0,
          0.040911958,
          0.67947483,
          2.495113,
          1
        ]
      },
      {
        "date" : 737165201.55306,
        "title" : "Untitled",
        "transform" : [
          0.99989504,
          -3.8394277e-10,
          0.01449042,
          0,
          0.0036954144,
          0.96693456,
          -0.25499788,
          0,
          -0.014011286,
          0.2550246,
          0.966833,
          0,
          -0.032874696,
          0.59836435,
          2.2684805,
          1
        ]
      },
      {
        "date" : 737165191.822061,
        "title" : "Untitled",
        "transform" : [
          0.99989504,
          -3.8394277e-10,
          0.01449042,
          0,
          0.0036954144,
          0.96693456,
          -0.25499788,
          0,
          -0.014011286,
          0.2550246,
          0.966833,
          0,
          -0.036237393,
          0.6595702,
          2.5005205,
          1
        ]
      }
    ],
    "392FEE31-C76B-4D4A-B7B2-0FC3236881F8" : [
      {
        "date" : 741970673.154077,
        "title" : "Untitled",
        "transform" : [
          1,
          0,
          -0,
          0,
          -0,
          0.86576647,
          -0.5004483,
          0,
          0,
          0.5004483,
          0.86576647,
          0,
          0.18697892,
          3.3800602,
          4.1064944,
          1
        ]
      }
    ],
    "AC61AE9C-244C-455C-8C21-A62250F18A6E" : [
      {
        "date" : 742018418.80467,
        "title" : "Untitled",
        "transform" : [
          0.9999589,
          4.344718e-10,
          0.009063865,
          0,
          0.0002668755,
          0.9995665,
          -0.029442709,
          0,
          -0.009059936,
          0.029443895,
          0.9995254,
          0,
          -0.02343171,
          0.07615092,
          2.5850725,
          1
        ]
      },
      {
        "date" : 742018412.139663,
        "title" : "Untitled",
        "transform" : [
          0.99592227,
          -3.4676577e-09,
          0.09021636,
          0,
          0.006716013,
          0.9972252,
          -0.074139774,
          0,
          -0.08996603,
          0.074443385,
          0.9931588,
          0,
          -0.18769573,
          0.035095688,
          2.065936,
          1
        ]
      },
      {
        "date" : 742018409.673301,
        "title" : "Untitled",
        "transform" : [
          0.99592227,
          -3.4676577e-09,
          0.09021636,
          0,
          0.006716013,
          0.9972252,
          -0.074139774,
          0,
          -0.08996603,
          0.074443385,
          0.9931588,
          0,
          -0.19264387,
          0.03919007,
          2.1205597,
          1
        ]
      },
      {
        "date" : 742018406.139771,
        "title" : "Untitled",
        "transform" : [
          0.99592227,
          -3.4676577e-09,
          0.09021636,
          0,
          0.006716013,
          0.9972252,
          -0.074139774,
          0,
          -0.08996603,
          0.074443385,
          0.9931588,
          0,
          -0.23363543,
          0.050557792,
          2.579162,
          1
        ]
      },
      {
        "date" : 742018403.473335,
        "title" : "Untitled",
        "transform" : [
          0.99592227,
          -3.4676577e-09,
          0.09021636,
          0,
          0.006716013,
          0.9972252,
          -0.074139774,
          0,
          -0.08996603,
          0.074443385,
          0.9931588,
          0,
          -0.23267914,
          0.19253284,
          2.5686066,
          1
        ]
      },
      {
        "date" : 742018397.956048,
        "title" : "Untitled",
        "transform" : [
          0.99592227,
          -3.4676577e-09,
          0.09021636,
          0,
          0.006716014,
          0.99722534,
          -0.07413978,
          0,
          -0.08996603,
          0.074443385,
          0.9931588,
          0,
          -0.23267914,
          0.19253284,
          2.5686066,
          1
        ]
      },
      {
        "date" : 742018393.455976,
        "title" : "Untitled",
        "transform" : [
          0.99997014,
          2.1059751e-11,
          0.0077322354,
          0,
          0.00026842777,
          0.9993972,
          -0.034714375,
          0,
          -0.007727575,
          0.034715414,
          0.99936736,
          0,
          -0.15452677,
          1.5594864,
          0.09639472,
          1
        ]
      },
      {
        "date" : 742018376.889935,
        "title" : "Untitled",
        "transform" : [
          0.99997014,
          2.1059751e-11,
          0.0077322354,
          0,
          0.00026842777,
          0.9993972,
          -0.034714375,
          0,
          -0.007727575,
          0.034715414,
          0.99936736,
          0,
          -0.15390742,
          1.5587957,
          0.09642351,
          1
        ]
      },
      {
        "date" : 742018375.444438,
        "title" : "Untitled",
        "transform" : [
          0.99997014,
          2.1059751e-11,
          0.0077322354,
          0,
          0.00026842777,
          0.9993972,
          -0.034714375,
          0,
          -0.007727575,
          0.034715414,
          0.99936736,
          0,
          -0.153884,
          1.6458032,
          0.09340125,
          1
        ]
      },
      {
        "date" : 742018369.72272,
        "title" : "Untitled",
        "transform" : [
          0.99997014,
          2.1059751e-11,
          0.0077322354,
          0,
          0.00026842777,
          0.9993972,
          -0.034714375,
          0,
          -0.007727575,
          0.034715414,
          0.99936736,
          0,
          -0.15790248,
          1.4279296,
          0.10093874,
          1
        ]
      }
    ]
  },
  "selectedSceneRelativePath" : "OrbitingVessel.usda"
}