{
  "advancedEditorSelectedIdentifier" : "ProjectBrowser",
  "openSceneRelativePaths" : [
    "Scene.usda"
  ],
  "recentIdentifiers" : {

  },
  "sceneCameraHistory" : {
    "3C48CDA3-1C64-41AC-AA76-612E2D4ABF96" : [
      {
        "date" : 737166620.320072,
        "title" : "Untitled",
        "transform" : [
          0.99990726,
          -4.54915e-11,
          -0.0136170415,
          0,
          -0.0009831337,
          0.9973904,
          -0.0721921,
          0,
          0.013581507,
          0.07219881,
          0.9972979,
          0,
          0.035125844,
          0.18672797,
          2.5793114,
          1
        ]
      },
      {
        "date" : 737166617.953896,
        "title" : "Untitled",
        "transform" : [
          0.9992377,
          -1.0358328e-09,
          0.039038256,
          0,
          0.0027600927,
          0.99749756,
          -0.07064839,
          0,
          -0.038940564,
          0.07070225,
          0.9967372,
          0,
          -0.100711964,
          0.18285738,
          2.5778613,
          1
        ]
      },
      {
        "date" : 737166334.73639,
        "title" : "Untitled",
        "transform" : [
          0.99978065,
          -3.9002226e-10,
          -0.020947313,
          0,
          -0.007459865,
          0.9344382,
          -0.35604724,
          0,
          0.019573968,
          0.35612538,
          0.93423325,
          0,
          0.17723407,
          0.9804029,
          2.4408455,
          1
        ]
      },
      {
        "date" : 737165961.101469,
        "title" : "Untitled",
        "transform" : [
          0.99911404,
          -3.5439496e-10,
          0.042085715,
          0,
          0.013821671,
          0.9445329,
          -0.3281261,
          0,
          -0.039751343,
          0.32841712,
          0.943696,
          0,
          -0.1028089,
          0.84938514,
          2.440681,
          1
        ]
      },
      {
        "date" : 737164919.442729,
        "title" : "Untitled",
        "transform" : [
          0.995115,
          -9.334564e-06,
          -0.09872269,
          0,
          -0.09863766,
          0.041402888,
          -0.9942618,
          0,
          0.0040966854,
          0.99914247,
          0.04119971,
          0,
          0.063884385,
          3.2347627,
          -0.3292369,
          1
        ]
      },
      {
        "date" : 737164884.354264,
        "title" : "Untitled",
        "transform" : [
          0.9996974,
          -8.9230145e-10,
          0.024597723,
          0,
          0.012315902,
          0.8656251,
          -0.5005412,
          0,
          -0.021292407,
          0.5006927,
          0.8653632,
          0,
          -0.05520758,
          1.6292725,
          1.2470304,
          1
        ]
      },
      {
        "date" : 737164875.838722,
        "title" : "Untitled",
        "transform" : [
          0.9996974,
          -8.9230145e-10,
          0.024597723,
          0,
          0.012315902,
          0.8656251,
          -0.5005412,
          0,
          -0.021292407,
          0.5006927,
          0.8653632,
          0,
          -0.10950313,
          2.90604,
          3.4537084,
          1
        ]
      },
      {
        "date" : 737164637.556153,
        "title" : "Untitled",
        "transform" : [
          0.9996974,
          -8.9230145e-10,
          0.024597723,
          0,
          0.012315902,
          0.8656251,
          -0.5005412,
          0,
          -0.021292407,
          0.5006927,
          0.8653632,
          0,
          -0.10950313,
          2.90604,
          3.4537084,
          1
        ]
      },
      {
        "date" : 737164634.072,
        "title" : "Untitled",
        "transform" : [
          0.99969745,
          2.1478416e-11,
          0.02459773,
          0,
          0.018333217,
          0.66670537,
          -0.745096,
          0,
          -0.016399436,
          0.7453215,
          0.6665036,
          0,
          -0.06834094,
          1.9847615,
          1.7775033,
          1
        ]
      },
      {
        "date" : 737164629.222552,
        "title" : "Untitled",
        "transform" : [
          0.9999811,
          -1.1270887e-11,
          -0.006142854,
          0,
          -0.004096302,
          0.74520093,
          -0.66682756,
          0,
          0.0045776605,
          0.66684014,
          0.7451868,
          0,
          0.017632248,
          1.6707757,
          1.8703132,
          1
        ]
      }
    ]
  }
}